8.26107120513916
15.670564651489258
6.808160781860352
7.42637300491333
4.687255382537842
1.7618273496627808
6.144842624664307
2.0151150226593018
5.650121688842773
5.489749431610107
1.92001473903656
2.240786552429199
1.1962183713912964
2.904374837875366
1.3792061805725098
1.705342173576355
0.9426571726799011
1.8438483476638794
0.8738491535186768
1.211667537689209
1.7436432838439941
1.3972864151000977
1.3221932649612427
2.1552324295043945
0.7044680714607239
1.4662532806396484
1.7569750547409058
1.192253828048706
1.8348051309585571
0.7532793879508972
1.4575337171554565
0.4481774866580963
0.7325714230537415
1.4371110200881958
0.6214598417282104
1.9453487396240234
1.1029101610183716
0.881698489189148
0.7533824443817139
0.9842326641082764
1.5572553873062134
1.70993971824646
1.4930124282836914
0.7085213661193848
0.803339421749115
0.79055255651474
1.331473469734192
0.968890905380249
0.5315873026847839
1.262905478477478
0.8909927010536194
1.2159487009048462
0.8238715529441833
0.8218967914581299
0.8603005409240723
0.8690047860145569
0.346858948469162
0.7323590517044067
0.5394411683082581
0.7769914269447327
0.8646605014801025
0.9264458417892456
0.7945682406425476
0.8115051984786987
0.7027975916862488
0.8464510440826416
0.8749228715896606
0.7742342948913574
1.3698769807815552
0.5866780877113342
0.9340527057647705
0.9744623899459839
0.752410888671875
1.3472520112991333
0.5610824227333069
0.6365640759468079
0.982309103012085
0.6318493485450745
0.8015882968902588
0.8289519548416138
0.8842081427574158
0.7626627683639526
0.5212162733078003
0.8100355267524719
0.974858283996582
0.5115225315093994
0.7556496858596802
0.5552199482917786
0.612764835357666
0.518843948841095
0.7888559699058533
1.2131658792495728
0.8624930381774902
0.5557019114494324
0.8350207805633545
0.7656961679458618
0.5947731137275696
0.6203192472457886
0.884334921836853
0.9428278803825378
0.8226596117019653
0.41172778606414795
0.5991257429122925
0.7974832057952881
0.47928741574287415
0.9812448024749756
0.5436535477638245
0.7768231630325317
0.8345307111740112
1.2149057388305664
0.7277633547782898
0.4693344533443451
0.7056838274002075
0.4610077142715454
0.37680208683013916
0.4933900833129883
0.7356812953948975
0.6824719309806824
0.8563663959503174
0.7215889096260071
1.1355785131454468
1.1076925992965698
0.3334144353866577
0.5068959593772888
0.4477277398109436
0.9278072714805603
0.7195227146148682
0.8382181525230408
0.8020980358123779
0.4616319239139557
0.6615027785301208
0.4759507179260254
0.7330538630485535
0.8190239071846008
0.3903796672821045
0.6819326281547546
0.69893878698349
0.5046478509902954
0.3344065248966217
0.5157753825187683
0.5581362843513489
0.6663535237312317
0.7666901350021362
0.4610041081905365
0.3531203866004944
0.42395931482315063
0.7022930979728699
0.6471661925315857
0.9378154277801514
0.3854459226131439
0.3532532751560211
0.5607979893684387
0.5820415019989014
0.6395549178123474
1.0752054452896118
0.5452978014945984
0.7669162750244141
0.5444567799568176
0.49496111273765564
0.7716994881629944
1.0698294639587402
1.3603845834732056
0.9690723419189453
0.8195093274116516
1.1925302743911743
0.810659646987915
0.7934272289276123
0.38579604029655457
0.5018550157546997
0.7909945845603943
0.4973619878292084
0.7014262676239014
0.9180037379264832
0.7455959320068359
0.5802239775657654
0.7536299228668213
0.7450215220451355
0.5635221600532532
0.7323831915855408
0.5632489323616028
0.5697495341300964
0.49519941210746765
0.5017881393432617
0.5354014039039612
0.9498720169067383
0.4567476511001587
0.5191042423248291
0.8190392255783081
0.4088808596134186
0.6456878185272217
0.6436665058135986
0.36451324820518494
1.400681972503662
0.5269995331764221
0.5283434391021729
0.6498600244522095
0.3977692425251007
0.7709290385246277
0.7407987713813782
0.9255669116973877
0.7716285586357117
1.23832106590271
1.257776141166687
0.30130887031555176
1.0335524082183838
0.4178354740142822
0.5869491100311279
0.3421173095703125
0.32566478848457336
0.6761719584465027
0.7934238910675049
0.4436534345149994
0.504096269607544
1.2492728233337402
0.4054359197616577
0.6687648892402649
0.2670234441757202
0.7162483930587769
0.8048471212387085
1.0267103910446167
0.643283486366272
0.3917502760887146
1.1564775705337524
0.6815834045410156
0.5682051181793213
0.6144786477088928
0.5992416739463806
0.5689096450805664
0.6657490134239197
0.8461865782737732
0.5643944144248962
0.4432424008846283
0.46925053000450134
0.4435616731643677
0.8160462379455566
0.4701150357723236
0.48550885915756226
0.9963404536247253
0.264455646276474
0.3911353647708893
0.3756468594074249
0.2807769477367401
0.6861364841461182
0.819878339767456
0.5078755021095276
0.6540871262550354
0.9045743942260742
0.6803121566772461
0.9274864196777344
0.684515655040741
0.7687759399414062
0.742634654045105
0.7741944789886475
0.2878821790218353
0.43920356035232544
0.7004410028457642
0.5467902421951294
0.9331934452056885
0.731130063533783
0.7269659042358398
0.8648425936698914
0.3810742199420929
0.4287709593772888
0.5776345729827881
1.141832947731018
0.26869261264801025
0.7566154599189758
0.7769351005554199
0.9251704812049866
0.4858055114746094
0.45797285437583923
0.6648025512695312
0.8482568860054016
0.5254104733467102
0.8930850625038147
0.618441641330719
0.5087921619415283
0.8695981502532959
0.45360708236694336
0.9181874394416809
0.47441980242729187
0.41408050060272217
0.6952202916145325
0.6596315503120422
0.6685534715652466
1.7878422737121582
0.45002973079681396
0.4873747229576111
0.6573350429534912
0.8886017799377441
0.45434650778770447
0.6607606410980225
0.6247208714485168
0.5262508988380432
0.8735542893409729
0.4655549228191376
0.37393686175346375
0.6784628033638
0.37546825408935547
0.8204247951507568
0.743706464767456
0.6154099106788635
0.9084355235099792
0.6195261478424072
0.7990595698356628
1.0870025157928467
0.852389931678772
1.3151708841323853
0.7979437112808228
0.5082552433013916
0.5306031703948975
0.2412620633840561
0.6881824731826782
0.7429592609405518
0.23798125982284546
0.7911708354949951
0.5052642822265625
0.45639440417289734
1.0362240076065063
0.5173432230949402
0.5148336887359619
0.6981836557388306
0.5325853824615479
0.5065544843673706
0.6132038831710815
0.41614437103271484
0.4129590392112732
1.0422757863998413
0.5287109017372131
0.594590425491333
0.45539766550064087
0.4965658187866211
0.6835619211196899
0.7889413833618164
0.5968619585037231
0.5178156495094299
0.5325683355331421
0.7626863121986389
1.0828399658203125
0.48972830176353455
0.3948819935321808
0.71566241979599
0.3565608561038971
0.42579132318496704
0.5465832948684692
0.5369930267333984
0.3709603250026703
0.39311274886131287
0.45062506198883057
0.35359451174736023
0.8232142925262451
0.7168764472007751
0.39777427911758423
0.607568085193634
0.8560543060302734
0.7857836484909058
0.6545636057853699
0.6868512630462646
0.3388536274433136
0.5151603817939758
1.003874659538269
0.550256073474884
0.6101815700531006
0.5555546879768372
0.6639807224273682
0.28137069940567017
1.1740729808807373
0.7559759616851807
0.5296626687049866
0.39240333437919617
0.4466589391231537
0.2585259675979614
0.4582940638065338
0.918635904788971
0.7362737655639648
0.6947193741798401
0.7394506931304932
0.811488687992096
0.4181138277053833
0.4961528778076172
0.9563842415809631
0.4574936330318451
1.0058648586273193
0.8149381875991821
0.6056877970695496
0.5190193057060242
0.7622989416122437
0.6899775266647339
1.1533974409103394
0.418174684047699
0.7740098237991333
1.2316761016845703
0.4204387664794922
0.6182542443275452
0.3366742432117462
0.48380354046821594
0.5975279211997986
0.9247288107872009
0.6052482724189758
0.5196152329444885
0.467316210269928
0.3423212468624115
0.7817183136940002
0.5888479351997375
0.5813305974006653
0.7837302684783936
1.004218339920044
0.7342826128005981
0.272530198097229
0.33286845684051514
0.369015634059906
0.23702770471572876
0.5838942527770996
0.5686686038970947
0.8716330528259277
0.521531343460083
1.0402806997299194
0.34275558590888977
0.5111267566680908
0.519463062286377
0.3720795512199402
0.3499278128147125
1.261202096939087
0.6439407467842102
0.46175459027290344
0.5966851711273193
0.6613218784332275
0.6988652348518372
0.8337142467498779
1.0027025938034058
0.18431302905082703
0.6172511577606201
0.3046625852584839
0.9153026938438416
0.8041679263114929
0.7435339689254761
0.30315616726875305
0.6855249404907227
0.9911720752716064
1.2367527484893799
1.2103550434112549
0.46605396270751953
0.5406141877174377
0.6352667212486267
0.36143434047698975
0.8552453517913818
0.2121226191520691
0.691408634185791
0.2621792256832123
0.7600379586219788
0.44466209411621094
0.9403958916664124
0.6864844560623169
0.35101285576820374
0.5198181867599487
0.69541996717453
0.5242714881896973
0.10549679398536682
0.16668494045734406
0.8522031903266907
0.7802886366844177
0.14770953357219696
0.1958276480436325
0.289745569229126
0.5388708710670471
0.45429980754852295
1.0195666551589966
0.4844719469547272
0.42765557765960693
0.35512956976890564
1.1345939636230469
0.38990142941474915
0.8431898355484009
0.5940878987312317
0.5236663818359375
0.22110150754451752
0.601348340511322
0.5728207230567932
0.8990535736083984
0.4805312156677246
0.5815355777740479
0.43613201379776
0.13826429843902588
0.8183220624923706
0.44990861415863037
0.5525141954421997
0.8325328826904297
0.6963702440261841
0.8585211038589478
0.7602289319038391
0.35971981287002563
0.6628300547599792
0.8577346205711365
0.47060278058052063
0.608232319355011
0.8580323457717896
0.4208766520023346
0.7112842798233032
1.1349303722381592
0.3286716341972351
0.811502993106842
0.5324822068214417
0.8746934533119202
1.033769130706787
1.0497723817825317
1.2070196866989136
0.7900935411453247
0.5471517443656921
0.6171850562095642
0.7053356170654297
0.7371289730072021
0.3426568806171417
0.34625864028930664
0.730050802230835
0.44923508167266846
0.17492201924324036
0.6754214763641357
0.6928965449333191
0.6539785265922546
0.8176877498626709
0.39799970388412476
0.41975662112236023
0.6750953197479248
0.1889764368534088
0.7936170101165771
0.6052260994911194
0.4362937808036804
0.48230287432670593
0.36155837774276733
1.1615548133850098
0.44299042224884033
0.5387422442436218
0.408782422542572
1.0375131368637085
0.27431365847587585
0.49698999524116516
0.3293418884277344
0.46280819177627563
0.3723667562007904
0.6966413259506226
0.549686074256897
0.7404215931892395
0.38003847002983093
0.763280987739563
0.3313143849372864
0.19721049070358276
0.3671318292617798
0.6982752680778503
0.5154054164886475
0.4280558228492737
0.6288419961929321
0.5587761402130127
0.2968146800994873
0.20044313371181488
0.34969860315322876
0.5349471569061279
0.5707815289497375
0.2419489175081253
0.372294545173645
0.3893636465072632
0.3758951723575592
0.3937707543373108
0.28005942702293396
0.713581383228302
0.2317979633808136
0.6074573993682861
0.6495958566665649
0.4642094075679779
0.7031649947166443
1.1699210405349731
0.7493283152580261
0.4276103377342224
0.3258468508720398
0.9186650514602661
0.29978570342063904
0.4247591197490692
0.36441415548324585
0.7529445886611938
0.19627921283245087
0.2036067694425583
0.19479981064796448
0.5280684232711792
0.272442489862442
0.748344898223877
0.8803812861442566
0.32365307211875916
0.24755652248859406
0.4545677602291107
0.7152939438819885
0.23918451368808746
0.6131000518798828
0.16802272200584412
0.44411352276802063
0.24198691546916962
0.3671618402004242
0.370891273021698
0.8610244989395142
0.8734816312789917
0.4313671290874481
0.4222329556941986
0.3426246643066406
0.36526042222976685
0.8047394752502441
0.32872819900512695
1.156360149383545
0.3273562490940094
0.2747182846069336
0.37526872754096985
0.5801537036895752
0.5685989260673523
1.1296614408493042
0.6140510439872742
0.22143103182315826
0.2954801023006439
0.2325558364391327
0.6093946099281311
0.4523654580116272
0.7241015434265137
0.5627607703208923
0.539322555065155
0.6302642226219177
0.7912752628326416
0.34193477034568787
0.608904242515564
0.5776644945144653
0.4702802896499634
0.7478812336921692
0.5303075313568115
0.4231940805912018
0.9164973497390747
1.046386480331421
0.38017386198043823
0.4935510456562042
0.3773348331451416
0.3114681839942932
0.5422256588935852
0.6818273067474365
0.7438552379608154
0.6204473376274109
0.57240891456604
0.5803244113922119
0.3836479187011719
0.20399892330169678
1.2215715646743774
0.7038868069648743
0.3260451555252075
0.3433901071548462
0.4177589416503906
0.24869656562805176
0.17298462986946106
0.6357815265655518
0.5286685228347778
0.2936791777610779
0.30302146077156067
0.8719962239265442
0.2225160300731659
0.685360312461853
0.3427935540676117
1.0870239734649658
0.8286880850791931
0.6163992285728455
0.7075543403625488
0.6752578616142273
0.5444324016571045
0.3255895972251892
0.5350767374038696
0.39488476514816284
0.2773095369338989
0.4444749057292938
0.17887386679649353
0.48398950695991516
1.1264463663101196
0.3396865427494049
0.3561825752258301
0.5631203055381775
0.23510397970676422
0.2806212902069092
0.3069673776626587
0.48638248443603516
0.5354864597320557
0.58402019739151
0.424034059047699
0.1788904070854187
0.6867853999137878
0.302406370639801
0.42084264755249023
0.3756791353225708
0.5241542458534241
0.5067542791366577
1.122490644454956
0.4668944776058197
0.25249093770980835
0.49818816781044006
0.022909056395292282
0.49189460277557373
1.1008806228637695
0.5606924295425415
0.7465221285820007
0.6545798182487488
0.36476802825927734
0.6035263538360596
0.3355054259300232
0.43829041719436646
0.2642490565776825
0.6271164417266846
1.0704834461212158
0.3962338864803314
0.5563158988952637
0.47995126247406006
0.40346023440361023
0.4563404619693756
0.0964231938123703
0.33687257766723633
0.32821184396743774
0.3531763255596161
0.8060448169708252
0.2984907627105713
0.8693927526473999
0.3169361650943756
0.8505092263221741
0.40612703561782837
0.46706023812294006
0.7333354949951172
0.47905582189559937
0.9247655868530273
0.8273394107818604
0.5044480562210083
0.6489214301109314
0.47898659110069275
0.640466570854187
0.16177310049533844
0.15371663868427277
0.13139308989048004
0.7521863579750061
0.6137309074401855
0.39788737893104553
0.573840856552124
0.26713132858276367
0.5596535205841064
0.4671103060245514
0.7734128832817078
0.5934774279594421
0.5000584125518799
0.6748279929161072
0.5146315693855286
0.707825779914856
0.6264760494232178
0.4031425416469574
0.6216048002243042
0.3948068618774414
0.5359166264533997
0.32617640495300293
0.3710685968399048
0.27217021584510803
0.15619315207004547
0.8065000772476196
0.5061898231506348
0.2735174596309662
0.2687534987926483
0.6973065733909607
0.6449429988861084
0.40472015738487244
0.252692312002182
0.7482073903083801
0.4526585340499878
0.6132488250732422
0.3255505859851837
0.5114618539810181
0.6105931401252747
0.3034401535987854
0.27222147583961487
0.6135160326957703
0.5920830368995667
0.30061066150665283
0.268222451210022
0.3327993154525757
0.4660174548625946
0.5297642350196838
0.056359827518463135
0.5722013711929321
0.21669414639472961
0.4318358302116394
0.09790484607219696
0.6988842487335205
0.23836347460746765
0.46683841943740845
0.5563051104545593
0.6772805452346802
0.41283634305000305
0.5225065350532532
0.7159720659255981
0.5669840574264526
1.2531286478042603
0.31382715702056885
0.5991493463516235
0.3816554844379425
0.3986276090145111
0.2957417070865631
1.0389347076416016
0.3054117262363434
0.2743416726589203
0.2755521535873413
0.3072972595691681
0.09851207584142685
0.31587424874305725
0.48099619150161743
0.34911319613456726
0.2780110239982605
0.3986937403678894
0.3164813816547394
0.7989930510520935
0.8295166492462158
0.027249855920672417
0.570562481880188
0.697128176689148
0.5555210709571838
0.04744623973965645
0.14302487671375275
0.7508026957511902
1.1121852397918701
0.29430511593818665
0.19325709342956543
0.2748476564884186
0.5136836767196655
0.6902936697006226
0.4895302355289459
0.19159787893295288
0.48526477813720703
0.13488255441188812
0.7201570868492126
0.30961304903030396
0.48280006647109985
0.5869507193565369
0.2894938290119171
0.243541419506073
0.7824955582618713
0.13886576890945435
0.21929320693016052
0.5209019780158997
0.2963407337665558
0.3200260400772095
0.33891069889068604
0.2238033562898636
0.3817347288131714
0.47356992959976196
0.37990573048591614
0.4274071455001831
0.25855767726898193
0.2922672927379608
0.37522080540657043
0.6771003603935242
0.6616753339767456
0.3288997709751129
0.5986495614051819
0.2731170654296875
0.2625676989555359
0.25736352801322937
0.4501549303531647
0.34573954343795776
0.16070613265037537
0.3889594078063965
0.1007613092660904
0.09574528783559799
0.6339366436004639
0.20001518726348877
0.2679257392883301
0.15688496828079224
0.3258855640888214
0.14611659944057465
0.3150945007801056
0.1775674819946289
0.5223017930984497
0.31206199526786804
0.3715077042579651
0.41889864206314087
0.1738952398300171
0.37284237146377563
0.38687217235565186
0.2812644839286804
0.24912302196025848
0.15308822691440582
0.7393961548805237
0.49186408519744873
0.6994564533233643
0.43069759011268616
0.05839499458670616
0.09178585559129715
0.6542102694511414
0.16417838633060455
0.42860147356987
0.5083861947059631
0.31863197684288025
0.43546488881111145
0.6143412590026855
0.0359133742749691
0.4690138101577759
0.4960417151451111
0.2846139371395111
0.5092790126800537
0.65755695104599
0.8516783118247986
0.5241416692733765
0.7699911594390869
0.6442433595657349
0.8062101006507874
0.31064820289611816
0.5649441480636597
0.43245360255241394
0.39596354961395264
0.37667372822761536
0.5015652179718018
0.07763417810201645
0.0781598836183548
0.3562083840370178
0.19316746294498444
0.8480262160301208
0.5556280612945557
0.7388758063316345
0.32893431186676025
0.8529818654060364
0.6750233769416809
0.16269832849502563
0.47113698720932007
0.3121039569377899
0.5175498127937317
0.6724390983581543
0.3363778293132782
0.1083729937672615
0.3874554932117462
0.5018794536590576
0.49581655859947205
0.18891289830207825
0.3278815746307373
0.04146845266222954
0.6183612942695618
0.11625149846076965
0.4652741849422455
0.34587016701698303
0.1890987753868103
0.2074316143989563
0.6301758289337158
0.4389265775680542
0.5602810978889465
0.9136928915977478
0.5434090495109558
0.9468716382980347
0.502316951751709
0.2116960883140564
0.29239141941070557
0.49785301089286804
0.762261688709259
0.45136916637420654
0.47427988052368164
0.5666321516036987
0.6899380683898926
0.1615542769432068
0.3972387909889221
0.5201640725135803
0.18099135160446167
0.4212072193622589
0.5746443271636963
0.2159821093082428
0.24747498333454132
0.42035484313964844
1.2048696279525757
0.38904905319213867
0.08945248275995255
0.22000139951705933
0.28958332538604736
0.37921202182769775
0.3360784649848938
0.4685680568218231
0.40982484817504883
0.04547843337059021
0.45907068252563477
0.5742038488388062
0.3486533761024475
0.3272106945514679
0.3536232113838196
0.04999377205967903
0.41364437341690063
0.21687160432338715
0.2812016010284424
0.4569430947303772
0.5108048319816589
0.34919607639312744
0.5651565194129944
0.11574915051460266
0.3815073072910309
0.5707561373710632
0.38148316740989685
1.3071180582046509
0.08969543129205704
0.5037150979042053
0.4424803853034973
0.756731390953064
0.5341850519180298
0.9556620717048645
0.8117974996566772
0.48653772473335266
